# Created by Octave 9.1.0, Sun Aug 25 15:55:09 2024 GMT <unknown@Emanuel>
# name: ssim_values_alg1
# type: matrix
# rows: 225
# columns: 1
 0.76181043536476112
 0.78302435959151551
 0.78597349117462101
 0.78584488185058299
 0.79368184068575953
 0.80975939772332584
 0.79988981133653414
 0.79704759114952195
 0.7790143541496739
 0.79065898641505972
 0.76726288009081656
 0.76780479294745707
 0.75530629467277999
 0.76897350754739091
 0.77155311391725367
 0.7703891450100645
 0.75946412051007217
 0.7700383677045517
 0.76963546867865607
 0.77430832664613058
 0.76106708507956711
 0.77388492955552168
 0.77516521931732563
 0.77177766732509934
 0.76473612312060646
 0.76872228323870306
 0.76964314018379199
 0.76573282830497214
 0.76274652329053683
 0.7759399243579328
 0.76591380824684219
 0.76996883382727055
 0.76147428174916254
 0.76621735543489544
 0.76773942341437973
 0.76498095735759142
 0.7588523401195868
 0.75933775053080865
 0.76345543625478018
 0.76019163684702895
 0.75856409025302241
 0.76741050712018377
 0.76613757667411375
 0.7667034692059691
 0.76315408260300377
 0.77436405036698408
 0.76795979724912344
 0.76625052560119578
 0.75718688166882731
 0.76843957760805637
 0.76419039472217321
 0.76579894965918249
 0.75724581002451941
 0.76637260185637734
 0.76408766312730803
 0.77025446054266244
 0.76354388977020016
 0.77975156448596528
 0.76952616814029573
 0.77325153980762695
 0.75349278546792919
 0.76725399465662092
 0.76669625689525533
 0.77209327932281946
 0.7573913781499938
 0.76764906245989917
 0.76588088121271625
 0.76369731270302676
 0.75941758272097892
 0.77070437579892181
 0.76921891142288557
 0.77061174098633434
 0.76529597562274809
 0.76914758516035198
 0.76683916006528807
 0.76240857975682341
 0.75576402274214194
 0.76287785900599914
 0.76492377487972718
 0.76817018429771322
 0.76533981926012284
 0.76977096072693973
 0.76478167962885968
 0.77028741501919218
 0.76257956926571313
 0.77143097067191568
 0.77230445876692244
 0.76851799843328639
 0.766937021220224
 0.77378904006625204
 0.76087755473675378
 0.76681836891784128
 0.7571364060801099
 0.76541886067387688
 0.76488636807567123
 0.76141282302568869
 0.75333748456715599
 0.76579172685607011
 0.76327024235001406
 0.76140097128094864
 0.75811770627049835
 0.76908581668136766
 0.76364294078888506
 0.7622971618354718
 0.7619539593805944
 0.77332299488080269
 0.76991260210339985
 0.77223908082947679
 0.765155534889424
 0.76908911548148284
 0.76592795805978264
 0.76606158869789309
 0.75762204762641905
 0.77580581547283789
 0.76787394045881618
 0.76801701161479918
 0.75655073328478994
 0.77499185939163451
 0.7682458465660722
 0.76680418172125098
 0.75467564227551276
 0.76206141908293612
 0.7702342148533009
 0.77260587219340038
 0.75954241244110932
 0.76052751259801588
 0.76907637731861844
 0.76134514453691104
 0.75998586991066042
 0.76510029843900884
 0.76500260746247029
 0.76790688448948985
 0.76443494865379136
 0.77728602314829565
 0.77199742507496172
 0.77451790969549328
 0.76667371529625672
 0.77356733086676022
 0.76778283071550746
 0.77217861840105007
 0.76723194575199682
 0.7759671086084402
 0.77047530201258529
 0.77185347561070627
 0.76292201947072735
 0.76770427340643677
 0.77139618217249406
 0.7674440446318056
 0.76624649578088289
 0.77234486115445711
 0.76319267398982482
 0.7684889997279245
 0.75998868148188681
 0.76208973203287156
 0.76785205742106133
 0.77082844376350101
 0.76340205025696528
 0.7689815244205197
 0.7743092533746404
 0.771012228888034
 0.75820044207774084
 0.77298093623030872
 0.76669730999375396
 0.76265745155827391
 0.76144371324253057
 0.76572478827435042
 0.77062661863253501
 0.7671152112389078
 0.75947375953536578
 0.76252035024169529
 0.76156038105821422
 0.76781563430167976
 0.7611736772428741
 0.76459112204522117
 0.77024985412917091
 0.77300450905688189
 0.76297217363143199
 0.7718613165508843
 0.77236455427679418
 0.76829704505449281
 0.75652640665759163
 0.77206805788139143
 0.77186290845903049
 0.77135708095448186
 0.76590232864617369
 0.77699021870741902
 0.77205224522120197
 0.77593125439589128
 0.76569663954563572
 0.77155599764699523
 0.76642348340358757
 0.76877970877319768
 0.75797232000919679
 0.75884856863087891
 0.75995968291636917
 0.76821072192803341
 0.75615442074561423
 0.75827363529322012
 0.75823055922442828
 0.7627933023857183
 0.74936382274261959
 0.75820677984837181
 0.7612090420699783
 0.76327244126051663
 0.75154981580879743
 0.7609693244932737
 0.76352810883026823
 0.7699219952749442
 0.75897969101857776
 0.7641219397009904
 0.75357499187922528
 0.7548389819523208
 0.75536306172741752
 0.76311554311569063
 0.75830350713618189
 0.75928526261514673
 0.75611386739580833
 0.76883441200971281
 0.76576259131947699
 0.76643784999451181
 0.7608059823973361
 0.76793357232687742
 0.76728472043251739
 0.76667643384583883
 0.76395485039351563


