# Created by Octave 9.1.0, Sun Aug 25 15:55:09 2024 GMT <unknown@Emanuel>
# name: ssim_values_alg2
# type: matrix
# rows: 225
# columns: 1
 0.75235004310890574
 0.77335313965260177
 0.77775930867882337
 0.77983140964938125
 0.78476612886714114
 0.80279058998204578
 0.78965037418855788
 0.7883386610778107
 0.76907275601207103
 0.7795829055399951
 0.75458054983350509
 0.76073757353251892
 0.7458118092628081
 0.75980842481397348
 0.76066042981553017
 0.75930942493269737
 0.74901372616896222
 0.76217865920571992
 0.76209337281230294
 0.76618618741165934
 0.75471016036357752
 0.76561983044509063
 0.76291075099289918
 0.75863674278757409
 0.75401711817435413
 0.7595845361652277
 0.75942765184510008
 0.75407306582168188
 0.75199318276630689
 0.77152363474144481
 0.75854349348348249
 0.75651464108718491
 0.75109209204295513
 0.75942967282098528
 0.76069738371532736
 0.7579459999074023
 0.74660669787814482
 0.74975791850124573
 0.75441967807678334
 0.74618955132670506
 0.75082676541761961
 0.76154406327865343
 0.75878571751345292
 0.7599487343357374
 0.75473197284054616
 0.77079668242488864
 0.76311048756447264
 0.7619549946385098
 0.75054397767715852
 0.76367483714113438
 0.75804019485482887
 0.76150778441547695
 0.75110748099653779
 0.76297136459472181
 0.75990946043716545
 0.76402607214411544
 0.75636988577112263
 0.77309170497031987
 0.76516085464764194
 0.76612867202017654
 0.74545450588396311
 0.75799217716845757
 0.75930938266867598
 0.75920894499387537
 0.74875118355834769
 0.76149717422978347
 0.76068777595141202
 0.75675828557521818
 0.75281976989832389
 0.76469641308914771
 0.76402597273148798
 0.76288170672068212
 0.75270992604073206
 0.7627620648793092
 0.76075066900035881
 0.75551955249371627
 0.75078229067933511
 0.75427146701336101
 0.75867397144685678
 0.76110994830800383
 0.75838877012219497
 0.75946331217961471
 0.75968107428709808
 0.76231672566637998
 0.75514545889420659
 0.76854352860177022
 0.77054406730738922
 0.76431669970937366
 0.76011322349807797
 0.76746049049822407
 0.7545392211171047
 0.75703094000266757
 0.75034459725678126
 0.76006397021427552
 0.75777650828379395
 0.75832435314281266
 0.74817347626221009
 0.7618502454966658
 0.75826583147440207
 0.76143001146864553
 0.75290764967462598
 0.76143015070344333
 0.75931890519434198
 0.75837517631880147
 0.75466113222300546
 0.76701322892851298
 0.76751514706266322
 0.76799313340974318
 0.7575493805754222
 0.76528086365312287
 0.76411950408162344
 0.762904839806409
 0.75270137548702787
 0.76998708717452247
 0.7610440326446728
 0.76413839911908599
 0.7488955801047642
 0.77032257260364811
 0.76480660253994115
 0.76015692408553481
 0.7487297140967405
 0.7587609798412781
 0.76526092410407898
 0.7668653355901921
 0.75392950306708517
 0.75764540043186934
 0.76019780495129785
 0.75641015314266324
 0.74893018845687809
 0.75931003826124144
 0.7599252337713871
 0.76208677471970399
 0.75747321400116951
 0.77179133521870591
 0.7666184256687486
 0.7680114903999955
 0.75568530397464584
 0.76573852593734215
 0.76260069896337779
 0.76670651985168758
 0.76166188204242324
 0.76937237443674156
 0.76459536543989193
 0.76592936179208682
 0.75487166176739329
 0.7675774774884796
 0.76482816204423909
 0.75880967218719564
 0.75900655363971548
 0.76657815315767863
 0.75555869931341468
 0.76507304278091304
 0.75280036245075888
 0.75842061029317054
 0.76067664927089029
 0.76191390344087817
 0.75584413816816587
 0.76252077046332989
 0.76558845147447963
 0.76292652899817059
 0.75173818930131253
 0.76708294196870852
 0.75836990413597205
 0.75931225415142756
 0.75076964841931582
 0.75631381728129832
 0.76266626308697949
 0.76100007713608353
 0.7513550054874476
 0.75465880129788376
 0.75635626263391931
 0.75905883703547927
 0.75217096386948779
 0.76206586623624684
 0.76416918756895325
 0.76466576516400597
 0.7568501172109301
 0.76791205604738988
 0.76719798766806457
 0.76436287220063526
 0.74851330306732933
 0.76555460339646919
 0.76433540596040839
 0.76674064139623599
 0.75942145612055711
 0.77227210389514145
 0.76512780157042271
 0.76632572269394017
 0.7567099700662413
 0.76548473571744546
 0.76203724996003297
 0.76227476553762907
 0.75132542290713344
 0.75391501074944578
 0.75374575041408631
 0.76073080075329425
 0.74886461733136389
 0.75486448970167208
 0.7543058799764697
 0.7595990608327966
 0.74568743208057076
 0.75220709349044346
 0.75464862140011757
 0.75553390748016425
 0.74409389180285435
 0.75674399154149496
 0.7570721445016616
 0.76256952399676881
 0.75120125769578228
 0.7582798060697522
 0.74555969345349316
 0.74936145600508763
 0.74793871417905211
 0.75518643461762969
 0.74766423268137672
 0.7536744017187208
 0.74915093757459184
 0.75899327398047001
 0.76242606849929506
 0.75927155948067304
 0.75176239711341641
 0.76212029265682146
 0.75963829751871836
 0.76241054117701523
 0.75877312882103654


